19
960 111
44261 49114 4772 10246 51876 7544 17016 76539 94952 78074 30117 74361 25961 107 66862 63779 31336 5475 42225 39628 59943 26599 48316 42917 38070 11448 19431 43639 87445 62456 54891 2488 87712 51196 59687 12061 50052 66161 63356 12818 28768 31978 59494 84810 48563 46174 52327 59873 94999 77346 53154 35120 23922 72223 2051 44935 54522 71564 53485 265 62564 64418 50403 94718 59962 50486 89679 946 83591 54465 46962 29567 10869 21090 51861 9966 10637 88364 17116 74055 71219 33843 32705 87227 48693 60256 39021 31496 9546 12806 54143 54444 5725 5471 99784 84873 52636 96093 97687 99308 15855 3101 79676 8638 65075 84320 25355 9421 97240 78036 52283 
127 166
12558 31014 2689 23789 70028 77496 64358 22150 91765 79279 59523 68481 64294 94962 46453 22991 37644 39882 8588 68877 74849 66788 23978 91455 57398 35244 24278 15760 59081 26769 4153 55391 87635 96219 92028 2696 44471 78001 84053 67429 88266 72165 46627 84728 526 37605 16266 59896 89084 19709 18976 61415 43812 20701 87987 2286 32286 17651 12104 88751 19490 48953 43933 86775 5569 25641 30136 74049 57721 57174 95687 77426 35806 36695 65688 39690 15040 30355 32205 67221 88430 13681 26328 23855 84019 99219 87820 46709 83532 43662 48383 19691 9075 87014 93210 51460 4890 29470 87753 50538 28323 57417 54155 9102 26343 3290 35595 24177 18423 77077 55854 59389 32030 42336 52968 97215 90044 73486 32521 30591 14794 97415 56487 87293 4516 78249 301 54498 70611 43835 24364 28931 29480 45034 17246 63291 5963 28015 81732 15975 53453 61459 51446 70799 36412 86514 23775 38766 17350 91854 46697 80727 55052 58438 9588 98764 86515 44837 810 36983 54581 58952 39232 94682 644 63962 
345 98
10102 33481 19434 71301 38678 698 41904 58235 46239 967 71140 880 5633 82196 70269 9844 89511 47976 58714 49783 91040 2793 18924 22031 54833 47044 51657 70045 13096 32967 54759 90733 89275 48445 16279 49726 83797 58569 46918 54618 14136 69386 57587 67453 48436 35146 52092 62120 27876 2813 46541 60681 62251 81026 86962 25649 38844 11569 94392 9072 8460 71580 53331 25490 25046 14529 35454 57555 85130 75269 13273 44631 4985 32687 32086 59800 53952 31543 79204 63367 18836 70007 34081 3643 12122 79533 11155 43678 67835 46830 77433 60044 40688 93506 53371 27194 909 18780 
104 53
35639 66805 93797 16248 26272 54611 53039 98845 65174 80343 49340 69418 22566 13050 83204 95619 57624 96734 29692 20911 51093 47165 73823 36575 87373 53550 21149 64295 44980 6276 22182 75719 32099 22098 21326 25208 3160 81443 141 59961 20568 94477 47235 54642 98458 4386 86878 86013 68697 96133 6582 37849 91627 
210 799
72048 39042 44476 98657 57512 31084 5738 38698 58120 92636 83578 3997 79331 57296 12763 749 9034 58626 75684 72148 35786 85663 42411 79406 85738 42403 25598 27254 12026 64493 43451 1185 19161 58014 72890 14553 25860 90503 66185 81532 53303 76710 51248 59652 52433 92853 50191 80658 75995 61144 11089 89447 50632 97817 32426 16681 20041 67899 79974 10154 99757 20730 9445 10836 10027 69971 28747 50788 94340 97688 63477 67888 85520 29571 19902 17265 41330 70559 31643 91568 85413 88572 98419 10855 31155 94352 65714 81435 16421 68516 67071 61538 72021 80175 99035 91086 73126 744 55665 121 77067 30524 74776 27501 44873 81913 53155 25887 15527 4894 23213 8217 54140 22463 84378 6643 69819 10973 21217 22064 31890 11634 6290 6094 60190 20446 30945 67175 93051 38631 72035 46707 66931 79269 37845 78093 29049 9133 23873 61011 97695 20226 23002 66157 93457 75197 65519 49752 47067 29168 83485 52624 47094 27856 92815 54080 99034 33571 6088 39858 46877 10766 72647 40806 82769 78540 95518 88411 93986 46774 21737 24776 58530 85929 87111 48535 9829 92233 65616 44523 48840 80119 84867 21069 30654 54079 95638 99163 91363 488 8172 61450 84518 84503 54268 63024 65071 30858 93936 73469 90895 82886 7698 66997 28143 13089 29633 51640 94120 25291 30430 1699 42624 20744 34839 99265 78913 7921 8402 28829 84903 23834 60823 80183 96774 3013 69242 54066 33540 62116 27554 14724 36066 84767 343 37363 4324 71680 66523 38691 55699 89346 84179 62976 77389 48805 89771 53327 9177 30606 54902 17220 13492 52479 72178 38190 24824 89961 4941 18578 6257 81548 86274 11842 95581 62155 55261 32777 42137 93248 56609 30742 93853 49035 2260 34323 81102 91630 36141 48047 3364 61610 18185 68703 84060 5883 37323 26647 88283 43415 98760 26419 18921 49057 53330 99117 38785 44858 20807 63549 27280 43492 25663 8561 97235 93139 56812 55846 50251 94497 84861 86630 88968 17783 95381 53125 95900 24618 8473 44139 42937 1341 55124 83374 61388 72103 62388 85847 14332 17193 11676 85182 11532 80017 8376 24962 75928 7632 30756 74911 19570 61518 98490 52895 20923 93316 72298 80384 54770 26718 62482 64513 37259 66235 86428 60606 31210 45747 89742 46493 10870 54724 15038 97286 84463 99071 42829 43733 93428 82339 76532 77215 30514 94651 9960 60642 92235 11408 63045 59825 83345 68966 81534 18824 13220 71650 35447 21225 61373 78806 72128 96064 15429 4861 58678 42316 24394 44811 42733 58342 83175 33106 69085 50558 23604 84158 70052 53139 2552 37335 23125 27601 72783 65315 29065 47706 89982 13379 16326 58017 52469 44324 51509 76641 30799 4822 57258 84593 18191 34837 69779 17708 62235 96495 66891 95184 78776 21968 77105 94034 75302 1258 91699 88697 72973 70553 18063 81056 13715 26861 71577 54595 14156 44640 48335 3918 96910 20108 86033 45704 80730 69597 66133 41632 95402 71142 92464 89927 60500 7952 2922 58336 24276 30075 84737 19363 86409 86382 67210 36350 3195 80210 17197 26753 45593 500 4126 55777 49402 37465 27894 96410 58850 86092 23853 92978 12617 12898 44384 51803 29122 58697 8287 35533 71674 17115 37262 28357 62270 78622 36816 64569 37676 74452 84563 92 14925 47823 2764 15876 55035 87332 83173 82849 38888 34620 43003 98722 74768 9818 82253 8249 39734 37063 54622 779 92074 62698 4362 98468 5031 1931 70396 96359 29372 16054 46809 56987 98060 81369 48179 18465 53634 72356 41057 91147 79597 14256 43732 42235 37038 89862 51781 99356 32384 91000 91954 2246 65286 93642 24426 61133 13598 11548 20831 42227 42575 14905 71483 21384 22134 33912 90910 35139 95176 72504 49964 35342 54656 37894 94949 19753 93773 10729 60008 65584 61287 93232 72930 45406 76048 26615 45369 21248 94943 97897 94827 57837 64927 71814 80945 60578 95230 43386 34886 28799 95564 91262 28525 81507 40230 87720 97859 66322 71983 39844 9110 45340 78080 87134 9785 4105 47888 75651 45521 18355 9190 92115 18219 87579 71368 58653 96284 46431 65419 94103 93892 21902 58989 5137 25295 66513 49685 16595 10940 20163 76057 37540 66280 48624 67800 27854 36824 22579 60588 5347 18098 33530 96650 84242 93618 21329 94528 98629 30822 43315 58998 84308 46722 95648 54707 45187 72312 53458 204 18516 11680 2618 86128 60661 17791 26182 73897 67019 26677 5101 36075 29045 61847 10868 60749 67774 83642 66001 77759 76717 15708 904 97314 96161 53296 71738 23603 93178 90580 5594 75468 455 16380 33570 98655 70893 54540 74545 60954 43342 90268 39073 10551 97406 33685 85280 69725 92573 18907 91480 15678 95300 22436 35848 24478 94358 46591 69508 72914 86499 4210 37954 51624 35530 48292 59467 68327 7198 46747 59329 44999 15072 33177 66720 91386 65952 40923 81356 25556 48758 100 61492 39272 98363 50083 24228 18649 97196 63673 69501 59268 79976 89394 50338 31702 201 61703 63730 13066 56256 40201 83078 10746 61452 45412 29004 85906 33176 19222 23624 31623 23928 1130 
431 237
18426 21297 19075 55445 77011 21499 23237 40723 31021 27480 69485 70601 45917 34951 28992 96954 54005 30469 59992 95589 47851 18893 7502 32021 22890 96435 98710 73487 29528 12218 90678 15168 34921 29663 85834 3558 39103 65575 57392 90534 81610 28800 62134 72262 19662 82226 67951 73174 60992 13960 29290 34907 94081 40295 39178 55725 2858 30973 2588 81847 98972 95143 89330 40083 76058 22893 3999 28068 68770 16169 92226 98151 2244 85919 84077 33304 69665 24182 88229 50747 55982 84326 45169 46090 62689 8378 19487 47122 5598 40195 7263 8192 42621 62081 13851 8962 88687 4830 40750 80882 77572 79805 37863 99121 31827 13662 83313 85744 81338 76694 55605 90536 61119 62211 21800 21227 59108 99969 68838 75662 1431 43737 29436 91798 77951 29150 82369 71431 44210 95715 62512 71095 73379 93587 1977 39047 16612 20458 42173 92753 27545 98527 50381 4209 3181 94990 69962 13696 37827 80654 10757 87171 82383 1347 88294 61787 72195 4326 45978 33436 42558 76749 27932 22959 73950 76913 5894 6797 53527 95060 84812 29652 36765 31925 91329 25324 38638 71162 84565 63459 58690 24008 86951 74223 40671 13449 86627 84654 28893 50832 82137 69982 30304 96293 52499 91046 44399 34793 71145 99712 94467 29800 62357 36019 34093 45988 27976 66772 7642 63082 82346 10807 74407 85453 37402 87337 34143 60647 64060 77153 8907 79031 61302 5018 77206 73701 83266 21587 55647 65585 65912 2264 32588 66020 57162 12044 32501 
773 409
34155 85500 36688 83921 91553 64335 62500 43252 340 97600 14896 36856 87989 94678 44107 47246 51228 51659 56430 66056 33255 64401 27761 89321 54699 25378 62596 11912 81216 14738 57091 98531 73686 90151 50750 15369 12595 69570 90526 16143 10651 40332 43473 21310 85998 53506 39026 64494 33144 24255 3447 13041 40931 19322 85050 35709 57597 25949 78980 73247 64388 58085 992 9426 78416 71093 34911 88768 45725 89292 32132 19390 2756 50141 76312 21198 25659 26302 48263 2160 64038 39234 17138 60291 38060 19898 24959 5703 68147 12658 76853 84406 1433 71366 20407 22849 35249 92352 11321 69003 56363 32600 89712 60089 95708 66423 1871 66 18450 31799 2002 1904 44507 28966 60039 25807 9116 5396 89374 97602 48603 99582 57874 66995 80130 11948 45825 65491 59080 39739 6431 19499 4707 65029 28461 91564 79389 18359 62323 24575 25085 14406 54359 13759 22685 37301 19092 64331 90669 93634 34768 40416 56525 75902 85862 30500 72084 57059 48130 76254 68181 57408 12628 42710 18694 61749 56604 754 13108 72888 45291 45823 11080 89177 70947 37383 70689 52749 27971 87179 46287 21651 82325 37267 59114 91001 51565 66333 35877 44945 82453 47531 17818 60357 69699 72668 34776 42368 69938 23357 65090 2547 53293 71569 55064 68235 19769 55563 2259 93012 84806 14766 82901 96821 64975 27293 47106 99424 75996 63814 55143 16022 15057 65832 35520 55724 21772 84634 19694 80618 95228 12277 20867 49498 80567 76369 40900 61772 52588 61312 87995 31686 61969 56309 81533 15486 33632 65072 13115 64226 13329 64855 18 19722 65945 83085 96323 12476 80308 61371 5954 38554 62149 53411 49388 39305 16841 72582 41749 38865 14048 65974 8511 62585 26354 79617 20947 5864 14955 1933 7525 54996 3227 17957 51993 39750 97965 22122 48299 44374 76781 14586 23917 9033 74132 78684 17099 49589 89792 27160 77819 9617 55010 30588 18867 38470 62853 60062 56365 47808 95330 56414 36156 95745 32233 84172 31810 33463 46121 4123 57725 50344 15093 66865 62285 72068 75437 6583 12367 22540 8576 54273 78908 22581 18587 55465 68991 10184 6919 44909 38525 59528 24544 99274 82171 87844 23163 4419 71440 72880 43335 69951 83815 90505 80110 57360 73705 47729 79816 15518 8475 94839 10818 62261 1209 87020 89136 76815 37145 17316 44798 91569 69899 50775 75136 21853 80307 57142 2072 3619 45488 76286 15092 96306 9250 96812 84781 73031 32447 20311 70584 57047 84957 96979 58186 31355 89522 37690 80875 21067 10897 7865 87473 74427 16567 74422 62080 60699 71937 
114 190
71077 88905 67996 17938 24738 25348 51397 54662 58154 57488 78445 5497 40326 51661 79399 71202 327 54935 2092 2323 82029 87042 23543 81906 59353 35741 32095 51977 80534 12004 821 78132 21092 91592 54493 73117 90950 43368 97898 67949 38242 42982 27782 29605 71622 97512 20288 55389 18801 17487 6635 59861 7781 53505 82152 93529 70316 2583 58616 99822 24433 59999 34988 29476 62697 87430 64818 83876 54024 46507 36136 99893 23576 76584 9910 41188 14199 68901 71935 4233 99972 28486 83031 48743 81652 1 3562 25323 6184 80622 940 61975 8916 49272 86734 36634 54718 41685 12805 71125 30134 86430 76565 78308 65528 14948 68869 24691 6118 62439 52111 8558 80417 98044 66610 30558 93127 45797 22320 40802 93470 30803 73166 33781 57281 76519 15729 88417 80846 73397 72811 71646 94030 935 25611 13262 2322 26252 70812 96131 95037 353 6027 27325 44321 51653 72485 84977 68053 62195 15025 59556 52751 72583 92953 17914 34149 48192 67575 7546 47188 53029 90690 55328 73295 43593 22807 6336 91702 94742 64326 94910 27269 57252 73304 72304 53712 17238 9241 38598 48937 70550 17686 56098 88977 48631 68062 281 63964 20937 
288 376
32732 19591 42202 73006 86166 86163 84940 65 70798 33874 48864 49569 5525 30460 94500 20830 61874 68478 28292 24646 12610 27772 38823 93322 15407 6755 15094 61824 21689 7608 92320 87043 64610 81845 35855 87616 38715 65605 54124 70063 62981 55243 11741 49529 8094 44000 40410 87203 51674 39999 88453 55478 66702 15962 16390 55564 10316 61768 79023 88846 2929 20942 92567 38030 45835 79956 15188 38654 94403 98375 67542 4319 90745 47981 7567 90872 36842 30686 45452 49322 15187 56212 24550 50382 88213 770 59843 75399 39084 95470 83713 14448 66288 13479 42433 79899 77114 79563 20782 52489 86352 7247 55063 99175 59892 53054 27301 80968 54288 50844 23356 28087 10911 17255 6660 93064 37021 82338 75088 19329 76122 78310 65768 38661 8470 14826 40744 29609 19787 95313 37142 91212 94376 28230 64861 84749 45628 11820 11197 99352 17067 93781 33324 16384 66022 21014 37629 12135 60070 50346 55050 58728 49060 23815 6930 89172 49318 18388 65512 22299 85951 40501 79543 15757 91591 63813 48833 871 19294 36004 44452 79862 65087 20660 87627 66065 96620 32781 40448 97090 46188 94758 80173 72666 99778 9599 79896 91150 25275 55540 99245 67851 30725 272 85871 3654 6490 36576 42557 84995 30084 8964 8667 20100 28356 22556 50484 52097 99149 55392 96275 44927 67610 50508 31713 529 25577 94634 8349 75838 6247 23402 62094 12905 50559 91955 91255 55957 93006 53985 23235 69335 44117 19868 74056 9006 76822 9872 16483 54010 36171 26943 4280 72049 64302 58980 89766 92307 22589 5314 77227 64849 74663 80960 39407 42141 86829 20658 6147 40308 15590 42616 90007 16768 5581 54771 72333 11891 87131 56318 10169 33782 15636 14690 23934 47914 99809 2492 42521 18519 27340 20286 77999 81171 49511 12915 97774 60824 68694 21590 55487 33614 73060 74901 58909 57539 56699 34277 92997 37573 69942 4720 88987 91158 61052 77942 2313 43222 26270 67000 65978 97803 2098 16860 5523 16928 12651 78393 68505 27741 60229 88100 83483 61164 41082 97691 80089 89683 90777 69598 56427 63652 56091 28994 80949 32691 12802 32552 25736 25800 27865 29687 77720 67168 83245 34053 24331 69302 71456 75061 79296 20061 90147 78150 21402 90184 5255 66035 25874 11473 13611 31608 75578 4296 68395 54572 43903 74450 49641 48061 8189 98244 64093 91041 57540 5766 
610 197
19723 80022 46758 38887 69611 83909 7220 6673 58335 78961 2857 79718 22627 54015 44352 12358 83073 7307 46079 82710 59879 81530 96976 13789 29798 58099 39202 36164 4782 83587 53321 29024 82738 6382 77575 16376 27551 30253 23549 7971 66344 67596 53679 50814 95904 43710 57910 61949 40484 78272 69044 6304 16288 51525 2017 24718 2556 23104 4965 56183 43343 56973 350 33879 64385 65338 38266 25449 34021 37809 99487 10466 40090 66434 5494 36598 21251 48923 23464 60818 70392 30826 77919 21146 77148 56761 39263 49223 54627 62571 29717 43687 47079 55927 17484 90707 98867 15529 69319 98493 73937 73008 16397 37643 8808 51343 84857 4436 52427 67142 55589 17175 44138 36182 16232 11309 20865 57200 2365 99951 40304 4533 47997 91613 29693 9804 72813 19020 72153 9823 15866 76166 35888 24012 71434 4476 21642 31348 88698 98230 59394 52551 5888 3935 95302 15809 24351 76031 23702 3263 41003 51300 20543 83839 74686 60164 75791 66737 26865 75846 9206 53337 71205 17211 69038 58627 17445 35189 39114 86258 98350 46521 94180 26384 91827 98767 9645 87706 76763 4781 66882 53036 85987 45925 23479 34064 97655 78920 65640 6484 44519 12914 56564 63753 23454 8650 36756 
454 556
28915 67550 46597 84667 27889 56407 83696 22618 3651 70246 24675 82457 92385 11679 90265 72925 99756 64723 23364 41591 78867 15933 70314 540 82894 62368 60230 8308 73413 67877 27212 41483 30459 71745 42439 74509 4829 41234 5182 55922 1799 99681 46969 88065 65053 36789 42464 70791 69955 41055 42077 55404 30471 47349 35892 41786 25809 66457 84504 81091 27052 26799 56509 76742 2174 57977 22317 72696 52464 70230 62014 94953 62706 76669 82671 16964 28146 70581 64573 24325 60188 92896 78156 79878 40479 13454 33335 96302 65746 87251 77235 82239 69898 46888 67578 87124 85659 56232 92108 43928 95456 17184 23253 20792 72623 41604 78739 34955 54164 67723 4414 53002 66573 39460 11815 36853 61067 88133 80941 72 83767 97243 50229 83687 21471 54090 84376 39039 99148 22340 1483 71221 54543 55535 82866 81455 2915 19562 92329 18221 76927 20409 77847 35383 78346 32110 14807 64576 5404 99267 34368 55114 76099 76684 34329 55555 32529 25820 45980 94771 9406 77984 13570 78490 1867 51481 37965 27881 48751 2168 26848 91203 22400 32679 86681 90188 52581 18800 51832 49207 78978 93900 89314 29558 31104 40768 2136 9611 74130 37336 64405 76250 77648 7375 81587 43215 96469 69440 39002 48978 51264 26095 98154 51033 85466 63429 9496 31877 14317 61263 90801 69129 16132 72230 28662 48734 15727 42708 85526 47499 49455 69077 71670 4464 81220 43190 22775 71595 33056 63304 97698 1243 50567 52420 55295 7780 78120 38296 87493 52723 54995 98573 33565 42396 54942 23953 23346 60258 352 38429 9278 97306 38807 61394 26624 56629 85401 78332 85319 46088 52475 96374 20626 67482 39693 14413 49379 19920 35009 20789 96948 16930 85404 74886 5125 86509 71499 56275 33875 2145 56819 17946 87022 3656 3174 44889 30505 35200 10378 69127 65700 29341 68277 42393 75541 91161 34905 17924 18162 28607 63480 23913 19936 89231 56048 85504 9141 36898 52172 55912 87066 63742 63560 27528 48324 64505 194 50036 27446 52496 52012 46909 91282 95546 5591 92285 49 54508 5808 59788 26606 28320 47211 70263 65264 75930 59474 88583 1052 41075 45869 83609 96385 5151 20425 3848 44990 43433 1642 94347 53735 92770 42146 21082 55016 46042 6764 91600 68187 22536 34509 73712 7573 137 85502 90670 6089 84904 7478 51995 74318 7156 4297 8365 95778 40970 22373 22783 60290 43660 85655 64121 39772 54937 19181 13104 25190 59379 80643 6770 52769 97101 24268 11730 10847 3845 20153 19291 95468 62310 4995 66064 90916 77020 54177 35339 5719 32760 89193 70880 52933 15470 26390 63740 57267 20130 4784 22155 47480 64008 11987 11434 96085 1711 14985 62658 62179 18272 57146 55986 34743 49984 49181 4864 47381 24305 26534 7395 59865 12079 13133 20328 54725 8530 28933 66205 93603 14387 83902 41735 34192 28170 36225 44447 30501 31228 34702 87141 79933 12681 76343 15096 13533 60416 11518 37187 93478 20493 79120 39755 45735 60100 40158 49497 29950 12272 46991 94071 74832 64100 36831 42942 65971 58997 81178 4588 93484 47163 80169 34334 55791 60412 11439 12385 44389 12050 97144 25788 73133 39795 59444 84062 43034 72770 63596 67269 27756 79224 72440 29957 7193 26528 57999 83419 35025 57010 61423 43219 7428 50847 35266 26367 77417 54860 13337 8106 79876 47946 10014 82642 18112 23679 64620 52614 64471 28990 13075 60281 45021 82018 8160 48045 3658 21682 48705 35880 48898 62657 79934 16183 78026 62092 27794 82300 67347 90945 
618 827
47570 11725 79403 2042 59195 77842 29612 6653 61549 4549 53207 92670 28098 9613 80197 33401 94848 78509 99385 57625 27522 51946 87678 34802 43900 50068 92376 38451 49476 47972 54028 96595 17516 35909 46144 64856 82165 10110 44962 506 36891 25405 73410 55640 9852 34322 99728 16089 99065 71028 68426 76069 83950 83716 59260 41236 12273 98683 26803 23134 55197 57089 45465 92171 61961 87850 42655 94567 53887 34884 75526 41140 9247 82666 13083 87340 79840 10733 29410 7176 65249 45175 84474 15469 34754 38105 82461 53291 23555 2317 21646 55235 27228 19358 63970 80738 99351 24846 7145 21095 19109 51611 1607 1344 8716 5513 21396 31775 26401 4181 58119 51938 47702 11468 85673 27535 90270 75858 12285 75059 14517 20440 12286 56577 2653 69746 76335 22945 47638 39525 38551 86825 33964 48613 65289 94793 79939 94223 8032 75260 63706 85002 57936 65380 89487 40513 61761 20603 37108 79104 32999 22774 11762 3956 82048 85828 33952 55277 81491 95756 23950 2731 33049 28567 15454 41119 59612 84884 76706 91519 40680 49974 97051 52449 51036 83296 28697 95880 31761 99394 59384 9235 56592 44851 95101 72502 81901 34281 99192 26191 83271 9166 30922 60730 21155 36266 33612 56235 54213 52733 30540 2849 1907 2607 51656 93244 29901 46127 32367 40096 56561 99204 66532 15526 42566 68913 66390 73589 90083 20072 28370 85385 89545 56718 87017 2862 96048 56379 96220 36795 41814 58263 98754 84980 48057 15312 99334 41959 8848 35764 98457 21915 24770 99159 27657 70408 82006 91691 96628 29460 95921 37463 41587 13039 87867 87701 27328 26048 8047 60144 3286 47446 67238 41879 22657 1350 95239 16929 66587 61653 87361 63600 94020 66365 20776 7309 97944 31430 23642 91492 1667 64146 26837 56866 30487 22359 25337 53765 9616 46177 85395 34696 47061 19950 14372 99223 63944 79819 6478 78323 20592 15125 58681 17322 12776 36091 31947 79070 39586 27929 52411 80362 16198 84943 4504 96707 6915 50985 63091 57675 10547 59506 77907 24752 68864 39486 32390 20649 55960 96155 73480 69031 57835 45231 14216 65981 12581 29417 12254 16952 60398 5908 56488 55998 73137 24615 20872 31663 19053 72673 40049 47371 71176 93814 22780 90846 27062 86336 11823 38825 50470 63515 46518 57963 25447 82617 7000 20800 75221 14774 92998 97137 73991 87729 90873 63947 48231 47199 33834 22348 1608 20999 37437 80071 21574 66460 1053 64603 23705 16191 30863 18321 69283 74386 96396 84863 42736 27353 1744 79576 5234 8751 97557 36921 85816 95046 17081 26563 85789 198 57057 18808 93115 64086 50162 1150 28870 14941 73261 80948 33745 29441 75385 70578 11367 55997 99066 47191 36452 66943 16971 47006 13913 30612 85700 32344 82790 50839 72891 7641 10852 99275 3655 74348 68324 98639 52535 26369 45344 68393 1291 2902 22030 58799 89207 45218 32703 9105 57365 74556 64438 50663 41850 18234 23330 98609 18657 19502 42447 61656 31343 84532 97214 26434 87153 49860 92811 10463 17374 48768 62144 94326 8495 17950 44167 40015 82477 69713 9677 3320 79781 17046 52975 72155 51541 72202 80412 37293 42174 11809 79559 31390 78774 18785 8437 2908 50549 71207 22088 19187 73161 77047 66687 25081 18386 48439 95172 43470 65892 47167 86949 68266 95654 39131 29239 79028 11394 27164 46832 14515 71906 24108 78154 5538 60101 61240 1158 43840 2319 93956 5390 76355 50493 84139 29809 99392 68909 6391 88872 29250 50776 36618 46332 62700 38907 44771 21585 6592 69406 79439 44712 57083 80847 16787 16650 74602 26479 34701 90746 18502 72301 13980 17078 66868 16144 14919 79362 97787 24582 25180 65773 7908 85310 51718 85405 44227 17144 66878 95279 59372 89710 40199 51752 39291 85795 77810 76791 45605 50951 46977 78787 99183 76303 62338 99459 47551 28952 659 34800 78804 83806 97465 37044 44896 55709 65609 9146 52010 32953 32053 39747 49647 72662 19799 65015 94273 29631 78775 85584 66797 18392 7187 42967 43892 23593 96524 29337 82619 21440 64692 30630 46034 70384 64642 55919 86305 67666 70941 23528 89819 62809 3313 71857 88013 98474 81229 49674 29913 64626 74323 53495 45831 74082 4528 97805 65381 95683 24381 76333 51273 82525 79950 39220 91173 6686 97193 61472 87879 13707 42727 96604 26204 84901 29202 19692 79142 56556 91975 4554 13257 75223 60817 73386 14438 22909 46773 89715 12693 67041 38999 82926 52659 17629 62543 10229 61110 89730 58901 71742 169 85063 63610 43126 82476 79850 23560 43174 4339 22984 37544 22097 77360 70364 40644 62064 28020 32586 44116 23015 7938 73214 98066 20798 20758 37503 88015 14312 84448 76568 48143 22026 74302 83794 65368 15797 4838 85886 59232 41039 2103 60261 46362 70206 7981 79832 87377 1806 12991 47028 21763 15634 8361 95217 24275 31244 10064 73077 41893 68885 52324 21987 59320 75441 65858 44355 5160 95903 25597 48086 78325 35953 9992 58727 38614 42408 460 42414 62334 70133 83821 77823 31881 48 23311 61149 77018 96154 7373 43899 80338 20601 43561 14119 43630 37811 17844 27300 70036 13785 92409 29118 30585 98604 86347 37436 96467 18860 4660 23495 46151 62761 66957 35089 77293 41076 13120 69637 
732 412
22634 22430 46096 30624 72240 81130 34151 20410 87200 87292 3952 72263 84581 10720 3579 32825 51192 81045 57618 41424 40611 41269 11142 43572 23919 52168 82518 62117 21603 90348 93502 60334 9456 32113 24308 75673 77053 34707 55068 33308 9418 23914 9211 18445 10948 29927 2640 83235 22431 85462 32723 96644 88763 82256 6092 13233 82914 4150 35837 54046 74230 29758 21445 68363 44088 53413 22787 57953 15765 47340 54487 30538 28817 57819 34291 55597 81375 96658 20122 22692 96400 73093 17848 97576 31001 33929 35228 65358 44269 77361 71020 23122 42549 56358 52806 39462 80581 63556 82279 11093 6696 63063 31998 8708 8972 15147 21408 12836 8666 28104 20597 70756 51324 1768 48305 79599 90019 6735 10717 78073 47388 2907 83595 47110 83339 89749 64055 82328 70370 54782 82032 24404 7205 76463 9657 24191 6913 36353 48719 10 1949 52517 62645 51043 19170 69888 78888 53075 10305 91297 76466 88346 89840 77200 5369 68371 15446 66406 89308 27416 74045 98651 72487 77262 32627 28254 48447 515 37532 27980 36349 25173 68651 91495 48831 66916 6487 36289 84359 4435 48976 59970 80140 41069 73523 9176 66694 57419 95375 94150 22803 73573 15082 32020 62267 13191 78621 27937 60520 64737 38406 30257 86503 23425 23164 90978 13911 15739 38226 30251 84300 89361 23090 9396 65337 12759 76998 81221 94802 94238 41805 85576 96937 96655 23092 84933 72257 22020 43153 23088 12826 20595 56909 27291 92197 72286 25325 20380 8260 65371 34069 55525 10698 85943 14808 44359 59833 2966 21623 21295 78116 90853 87129 52144 57217 3989 97078 14829 79727 90807 79579 41659 63979 11976 78218 12133 49623 18811 82052 98542 1552 97943 80837 36007 83807 68873 6144 71293 97866 4066 61137 34314 39145 66759 82968 79601 66703 68608 49949 48338 85629 97150 97471 22580 49330 41067 66348 91180 34959 35318 60214 60186 59015 1964 97375 1062 39075 94261 49001 29785 53897 70855 40884 58447 1502 2752 48123 66245 46038 68529 81543 96420 599 69446 46071 82351 53860 43099 75360 21789 34610 22998 80628 64688 53730 62432 17748 30057 35431 94807 47451 61016 97466 95189 22105 8815 3542 803 50363 51979 9282 46666 4502 68569 91916 70610 29658 10137 35490 32696 792 38126 35180 1594 42755 30983 38355 11263 76683 62442 25368 12162 2161 22923 49445 9795 31325 63847 16994 14378 76939 99736 76780 79169 27006 66674 78128 95359 38050 72423 79207 89202 20801 74791 9240 9701 71079 328 56734 40559 43176 7052 11745 72904 2468 76377 49121 86982 89114 43843 69041 90060 
563 774
73819 2830 43056 78506 75293 35388 88166 94983 91563 62176 12846 44366 53950 2749 54893 80047 49329 66075 97160 16332 24864 33690 88929 12876 73128 4079 89382 99053 98583 28850 89979 27315 22642 83061 47951 29820 36165 45945 3060 3112 76137 29873 61767 77743 5430 59746 90263 25249 64528 8155 19758 29008 99199 21393 24064 99676 26235 5308 3788 88424 10214 93297 93280 10028 6086 69341 3689 408 1597 31897 87543 28458 28926 40334 27583 13712 40817 96711 12175 68194 29303 5105 94837 74123 37758 98064 88618 24450 17866 25902 53524 21276 76340 96134 10722 91673 53163 22670 20858 17921 65516 18116 939 2758 8165 43584 75224 5276 40449 4199 14750 25685 98842 29760 95815 69556 69373 2626 68689 35055 37931 36246 87201 8653 13909 32048 51295 10091 42875 38068 78730 58331 69243 68285 51867 83811 15957 40124 36767 85415 89149 83923 151 11423 91978 21696 90710 94310 39951 28038 71695 10987 37796 31656 12604 1626 38751 32978 14441 97383 53218 70341 23870 35981 76079 36121 24590 22830 38973 23036 18868 17006 3242 59910 93820 90003 76638 39336 73479 49439 57716 55059 33432 53601 19287 41975 8696 46191 39677 64434 78654 79189 44515 19940 32612 45483 40088 6171 88758 13992 45909 75703 47125 69577 39130 53472 95598 13058 45455 34183 11747 51628 28620 48339 37256 31198 53489 46941 53343 45768 8278 83742 94049 969 3815 54410 5020 86089 49065 8788 64412 33442 93740 67893 51780 13612 42252 62156 14490 59862 18993 26952 62632 73835 14865 83569 74604 3950 91078 45559 5226 89864 60099 56879 27898 90288 96673 95057 51121 35795 42800 93325 12564 55112 33606 49009 93220 7528 75621 37150 29474 14575 4472 91461 92419 43089 34399 55588 28671 51296 62777 64617 75796 19539 24873 40204 43727 46505 40653 8881 8652 81380 26385 22829 25622 23289 82526 63301 70743 7515 15889 87082 36823 67189 36442 9056 72034 53174 68376 8671 76386 95183 1418 1170 33148 47921 52722 29170 40283 8116 71051 85493 55060 35207 51783 78581 66487 57420 74173 64455 58282 60364 76662 43625 45321 92005 3000 22913 31569 30012 97654 75587 2772 67441 12222 7755 44579 73595 40573 11355 9899 71741 40901 77366 99102 66531 72363 80085 97355 39756 63237 76699 75394 73776 34650 16105 36477 8254 44248 61836 28202 81256 54843 73955 25710 39768 75107 72788 55763 51399 38482 45803 87318 8829 74620 78712 2933 89856 54104 96386 40566 94383 79344 92488 67872 37315 41386 75311 45967 71279 82495 13473 3560 20969 31748 92202 56682 71054 43935 86675 59119 1596 51130 59124 47291 13878 94803 78578 74747 96012 9270 47440 85299 66684 74872 83788 34937 51964 20314 93776 69512 98127 91144 15383 566 86578 36773 91361 47195 46655 6551 18731 47788 39773 16127 62196 30837 52686 85654 22398 66980 67061 54006 55069 86971 60355 24063 47949 28815 58867 54039 29149 60775 80577 51922 88704 46989 36519 94831 9262 24977 98971 33798 31956 60363 23078 50212 74749 90564 73241 47024 70473 15990 63820 10048 25164 59083 35689 41420 20105 88880 19569 99675 33074 39680 30259 4484 5585 82805 43617 57459 93353 89368 45872 72074 88782 19850 68539 48775 92817 83329 76929 56605 34739 51379 21533 93314 32190 97367 23362 42573 88068 155 77244 40054 43450 28251 82330 17401 41635 39483 88600 65666 93424 48658 97070 84888 90845 73226 32042 52208 91911 67816 76143 86551 37976 30834 83562 72952 36364 84740 76820 48244 1348 60671 91746 75851 64203 30568 80442 38930 62661 88322 4973 41102 91677 15378 36177 7690 78466 47855 39432 29816 76950 32726 75029 2056 88303 60427 97318 23947 55226 54709 36343 93813 91574 77774 43713 3731 18357 13803 10951 14616 70745 74413 64772 50466 1813 20142 91241 2086 87993 44121 37535 37411 43480 8479 51000 34630 95538 95837 96472 72120 7232 60594 83808 93330 61490 57583 8523 34663 94042 16473 23304 728 83501 26846 60020 27230 62210 18883 70307 73252 66218 83963 17010 6722 29420 5030 11836 88597 39071 74283 49313 59491 31460 66382 82773 59409 43834 67211 4765 48585 5202 2483 3723 3494 4128 53292 48076 783 65618 19117 5218 60414 82995 71668 92527 33466 12294 19652 23234 11482 90258 22233 42754 79273 89786 62767 31067 38893 1321 30763 27124 56189 20460 18900 36103 9236 77001 79360 37932 39090 85995 12490 79047 43636 71566 69105 35716 95308 92356 95879 36398 16189 88554 93579 21192 68349 75023 31137 76610 56685 37603 7974 6828 61856 90514 62617 71329 61907 34936 10507 31267 33418 57494 99909 2805 21379 57945 65678 79419 11328 57556 12447 24070 48336 52015 40753 54945 43191 9271 5022 33877 76374 95137 9851 9796 54607 63225 34750 38555 74515 41460 54058 92990 45377 15761 21854 66439 98286 8006 14036 69674 40434 55733 25846 75095 40761 6080 83674 70618 47014 69995 
516 235
1430 23080 91074 94353 55350 43805 52471 86523 31611 26440 38830 11342 31657 83126 27587 91637 98119 30923 99194 84906 88247 80120 14918 87581 36760 99384 48243 27232 36807 99253 52584 13583 30768 63797 43012 96639 78029 97718 38133 73405 20229 32909 75617 26339 97627 35784 69825 60208 14912 16262 94843 23264 56806 28987 53980 85907 15013 87095 1205 14162 78497 96 17943 36455 80292 23687 95309 57272 11554 21029 20625 14174 65581 52410 3314 85721 80437 33483 20822 52355 73165 8883 49800 70411 21736 8216 70519 62505 52856 54290 39765 32151 85824 89155 35122 9575 72704 80475 21313 61221 26656 72539 47801 49698 76766 42613 24041 47500 15607 86812 23055 13194 31664 56140 34218 37855 34468 40978 13616 59776 62277 8797 19878 74600 69564 68906 95459 63783 35059 45116 6504 80095 92086 64667 13954 29650 43867 98452 93022 92726 4778 30100 12721 8951 13617 29565 16623 79205 67157 85456 89899 32576 6141 43587 54672 68683 13193 81980 72002 27659 87809 48701 89529 17490 55074 89295 35137 94308 76696 88801 58175 25472 62034 54055 22879 35399 77014 29589 82008 74744 34484 87486 31540 40589 26013 14058 79263 68509 52171 55795 10164 89479 14714 97486 62493 47796 24330 97327 24435 57031 50019 72503 74815 61332 76338 15063 2886 98070 63664 42927 73384 55254 39904 45880 82155 35913 11768 2357 66810 72160 69912 11839 63754 46014 42583 21113 13107 13901 57007 5062 71403 59366 80406 44510 63103 
632 30
79812 77063 12445 16299 22085 77217 944 31123 55182 5027 57027 10585 15471 87417 69568 344 98953 74111 83106 48171 95255 35370 9569 33200 17890 1602 68732 51585 85408 50021 
330 424
22152 86360 71980 40786 19836 76171 81994 42357 73529 8498 74895 46896 25734 81140 25043 85869 37498 82160 39214 65781 42791 52375 65780 90236 79196 72427 89467 26201 29902 35018 29611 67279 51502 39707 48466 17536 89915 8346 49431 11555 16635 68198 52602 31659 13917 76039 35571 81448 98116 48766 97593 62588 47849 84859 94275 21593 4715 88589 66027 4347 65083 3238 99080 20167 86096 6773 37414 2543 32202 72775 34511 75686 25661 84807 6121 23274 50821 56112 39334 49707 98099 53115 66647 34593 36213 79600 1716 45233 67701 32496 499 41706 75346 8721 54448 70443 41027 21645 88761 16509 24772 8362 48072 53487 63786 62774 11622 8326 45997 25675 27638 37297 21601 10236 22700 31741 97713 4182 56546 9856 38350 56771 88712 40585 60853 74285 14677 92252 33933 15981 83110 34030 45671 5185 83316 86099 69083 13930 42311 59425 1094 42860 21462 38046 81904 48704 66923 23539 71179 45979 86014 13676 24507 48139 42841 43144 19240 47802 91159 46343 86451 31787 53372 29084 63441 60769 22360 32330 29640 37685 54366 38044 3207 80297 59075 55222 37761 43745 57735 36729 15085 22655 73920 33334 33556 8840 64030 41889 45101 3140 22379 39139 26684 70394 27763 83129 74987 77580 59001 92386 88875 14380 15250 71881 47376 38549 35872 74119 75423 76682 44817 70325 45886 66858 61488 14855 47838 95127 80329 39593 23198 5619 21399 86751 68910 14309 39894 80332 62938 12687 98607 26652 47442 10764 76803 36931 82703 8255 91638 89617 7115 84259 21309 32366 18702 67220 31248 95947 95722 75033 82098 25226 33128 85823 31205 82421 64912 9489 78397 57599 93785 39267 19038 30044 48997 72620 99581 41809 93485 55809 50803 17043 9723 22825 37717 91395 70886 21094 75331 28530 60925 8932 13415 39531 97984 56148 50067 88729 33835 45811 1120 61238 34510 63953 63948 89832 53252 24211 34577 8904 22652 3663 33152 15259 62763 58613 3636 8325 56978 16106 47182 76196 8693 76320 88732 96824 73724 58340 48530 61995 86071 3733 83352 26288 39966 60856 71252 66262 43204 22732 43887 66150 32183 1671 85949 38001 48264 64826 61878 97459 87892 6470 60544 95197 80826 36798 39160 43421 24591 66657 51294 44530 80260 61932 63599 24227 93718 95056 92170 40814 72012 30861 43364 63337 32126 9137 32721 17054 57991 56667 621 33160 90782 61182 2444 54045 2024 91692 86750 83689 4570 37024 8512 72644 70433 94211 40891 28976 14471 26592 40895 52981 32988 46463 35714 7413 43932 57849 64338 92178 9376 18245 40460 68523 622 75975 63433 43919 51167 24046 7773 37997 31793 25054 66244 52132 54879 44587 13907 34898 73300 91270 35143 34102 
743 326
98212 51794 72758 33867 15165 54601 43188 84723 15100 65441 74999 97610 79199 53588 95290 95819 61775 70226 88385 75503 73375 50704 71771 40412 97370 67182 58348 4774 84879 72718 60525 90915 6634 58621 34740 29754 2462 10031 93027 24913 4212 77860 55103 59958 63289 66659 54747 37825 88461 81907 94089 39622 18586 57887 32768 81487 15237 46539 84928 38359 2885 63487 3446 86164 56741 79013 42184 93480 11908 98962 4025 50686 69921 56351 22545 25842 35922 95702 44240 62852 8027 3580 41477 12674 2467 21141 49245 65069 34467 17189 82953 70264 1328 64672 12194 56967 81816 8979 25257 33917 85506 57779 59942 87419 14894 2553 50751 33205 96476 75591 82533 62962 45288 65465 85084 51758 43500 49089 10681 76828 23315 49267 52136 3586 5324 18777 53427 32733 14491 41693 28041 53575 75636 22042 29244 81931 17558 39496 19415 50124 70385 76919 11149 82811 73719 67923 69604 64319 26974 54917 62399 82303 80761 98364 20299 80961 8205 55652 16628 61607 13527 58849 58910 15694 68148 15968 21096 47432 59553 49554 99103 90571 13116 87116 18965 81504 85446 3901 17757 51870 40863 70678 7010 26304 17734 96915 82282 86694 56873 68655 51171 13967 21087 48427 83969 96798 57671 7543 50928 45355 89351 88480 21188 22399 21812 64 85800 45859 92729 48827 81843 34559 83049 20334 38229 90730 7388 86103 32887 25096 63855 83933 82810 46587 90232 7207 16057 80916 55514 49678 1169 61677 95420 2164 83017 86067 25079 94332 15589 90097 57715 94124 4593 645 39256 72814 76903 12540 2048 50379 16440 52187 82456 5689 40165 35304 54533 750 72812 62375 40129 38025 39498 46516 25843 28748 47535 30279 90986 86532 52739 38388 81340 74239 64138 23545 6952 85657 53188 10129 58417 83167 93681 68320 43912 69572 50118 61349 7548 23897 41820 45153 5584 66583 7635 56020 72251 83471 37225 46232 74921 36986 3505 87626 20330 67094 36536 10206 89977 35016 21168 53755 13971 48791 3301 68275 13121 33209 5028 23146 46956 62547 96558 10938 96361 41035 
604 131
43980 61618 15697 44115 8745 32449 89849 71932 98954 44220 21317 46220 49025 81052 35330 73381 2747 22985 43487 62628 87834 63900 80675 41303 69820 23061 68696 49970 4377 49197 33280 70317 21652 30721 1593 37190 77251 4589 82112 77019 78271 12810 35320 23806 3116 81115 99463 62387 9519 51111 23354 14697 60033 47793 97297 93430 11231 46275 85072 70426 71437 60036 32442 56823 71905 89037 2519 50236 39197 15266 67928 78569 63803 99234 52124 42378 50845 35779 24756 81245 2123 3887 89826 98644 46979 75222 81458 86367 87385 68634 32862 17809 30956 48665 51575 10575 10345 97972 17214 8675 56540 56015 20231 23981 80626 88710 70878 92557 13336 77161 47511 95370 15770 39961 52084 11951 33452 85264 96196 38867 50128 59206 48588 46349 54772 12572 38172 91899 17195 54603 76161 
